learning evaluation instances,evaluation time (cpu seconds),average chunk train time,average chunk train speed,average chunk test time,average chunk test speed,model cost (RAM-Hours),classified instances,Kappa Statistic (percent),Kappa Temporal Statistic (percent),Kappa M Statistic (percent),model training instances,model serialized size (bytes),Pool Size
2000.0,0.65625,1.015625,984.6153846153846,1.25,800.0,0.0,1000.0,0.0,-2299.9999999999977,0.0,2000.0,0.0,10.0
3000.0,1.03125,0.46875,2133.3333333333335,0.9375,1066.6666666666667,0.0,2000.0,0.0,-2109.9999999999977,0.0,3000.0,0.0,15.0
4000.0,1.421875,0.3125,3200.0,0.9375,1066.6666666666667,0.0,3000.0,3.03117368194226,-2164.516129032252,-7.012195121951209,4000.0,0.0,20.0
5000.0,1.96875,0.234375,4266.666666666667,1.953125,512.0,0.0,4000.0,6.050256421237477,-2164.516129032264,-7.012195121951227,5000.0,0.0,25.0
6000.0,2.34375,0.390625,2560.0,0.9375,1066.6666666666667,0.0,5000.0,7.773122933434758,-2164.5161290322644,-7.012195121951252,6000.0,0.0,25.0
7000.0,2.8125,0.234375,4266.666666666667,1.484375,673.6842105263158,0.0,6000.0,8.887019904681791,-2164.516129032264,-7.012195121951209,7000.0,0.0,25.0
8000.0,3.328125,0.3125,3200.0,1.71875,581.8181818181819,0.0,7000.0,8.458723186678494,-2219.696969696964,-6.393328700486495,8000.0,0.0,25.0
9000.0,3.8125,0.234375,4266.666666666667,1.5625,640.0,0.0,8000.0,5.036951127781606,-2491.6666666666774,-4.412470023980799,9000.0,0.0,25.0
10000.0,4.1875,0.234375,4266.666666666667,1.171875,853.3333333333334,0.0,9000.0,5.582293735308182,-2510.7843137254963,-3.297129557796754,10000.0,0.0,25.0
11000.0,4.578125,0.234375,4266.666666666667,1.328125,752.9411764705883,0.0,10000.0,9.9925275974644,-2832.2580645161374,-13.094867807153973,11000.0,0.0,25.0
12000.0,4.9375,0.234375,4266.666666666667,1.171875,853.3333333333334,0.0,11000.0,6.0460114474985645,-3211.194029850746,-27.025479530489537,12000.0,0.0,25.0
13000.0,5.28125,0.15625,6400.0,1.09375,914.2857142857143,0.0,12000.0,7.418375880561171,-3218.6567164179132,-27.311766389922703,13000.0,0.0,25.0
14000.0,5.640625,0.234375,4266.666666666667,1.171875,853.3333333333334,0.0,13000.0,8.632358966425892,-3218.656716417896,-27.311766389922703,14000.0,0.0,25.0
15000.0,6.03125,0.15625,6400.0,1.25,800.0,0.0,14000.0,8.405353615220092,-3139.5833333333503,-25.707356507679833,15000.0,0.0,25.0
16000.0,6.375,0.15625,6400.0,1.015625,984.6153846153846,0.0,15000.0,8.00567220602361,-3177.702702702695,-28.02850356294535,16000.0,0.0,25.0
17000.0,6.828125,0.234375,4266.666666666667,1.5625,640.0,0.0,16000.0,6.469755129705314,-3099.401197604794,-24.807288016818482,17000.0,0.0,25.0
18000.0,7.21875,0.234375,4266.666666666667,1.40625,711.1111111111111,0.0,17000.0,5.9936116227251315,-3334.705882352938,-30.538788285267128,18000.0,0.0,25.0
19000.0,7.578125,0.234375,4266.666666666667,1.015625,984.6153846153846,0.0,18000.0,6.942745493579578,-3675.287356321821,-38.49884039637361,19000.0,0.0,25.0
20000.0,7.90625,0.078125,12800.0,1.171875,853.3333333333334,0.0,19000.0,7.251758077375481,-3585.714285714298,-37.402703809914,20000.0,0.0,25.0
21000.0,8.3125,0.234375,4266.666666666667,1.25,800.0,0.0,20000.0,6.256182022087285,-3463.9999999999973,-34.439834024896285,21000.0,0.0,25.0
22000.0,8.703125,0.15625,6400.0,1.171875,853.3333333333334,0.0,21000.0,4.387559107164529,-3571.495327102802,-39.06194690265483,22000.0,0.0,25.0
23000.0,9.0,0.15625,6400.0,0.78125,1280.0,0.0,22000.0,5.97965458806162,-3443.8053097344964,-36.81243594123679,23000.0,0.0,25.0
24000.0,9.359375,0.15625,6400.0,1.25,800.0,0.0,23000.0,4.951417835421238,-3519.658119658122,-34.125098970704684,24000.0,0.0,25.0
25000.0,9.78125,0.234375,4266.666666666667,1.640625,609.5238095238095,0.0,24000.0,3.1257467307233786,-3693.7499999999973,-42.91320043949145,25000.0,0.0,25.0
26000.0,10.109375,0.15625,6400.0,1.09375,914.2857142857143,0.0,25000.0,3.966138770623409,-3693.7499999999786,-42.913200439491455,26000.0,0.0,25.0
27000.0,10.5,0.15625,6400.0,1.171875,853.3333333333334,0.0,26000.0,4.729046417841321,-3693.749999999986,-42.91320043949145,27000.0,0.0,25.0
28000.0,10.921875,0.15625,6400.0,1.484375,673.6842105263158,0.0,27000.0,5.424713553564773,-3693.7500000000227,-42.913200439491455,28000.0,0.0,25.0
29000.0,11.296875,0.15625,6400.0,1.171875,853.3333333333334,0.0,28000.0,6.061654543145813,-3693.7500000000036,-42.91320043949145,29000.0,0.0,25.0
30000.0,11.765625,0.234375,4266.666666666667,1.640625,609.5238095238095,0.0,29000.0,6.64700445530081,-3693.7500000000236,-42.913200439491455,30000.0,0.0,25.0
31000.0,12.15625,0.234375,4266.666666666667,1.171875,853.3333333333334,0.0,30000.0,4.750625853978773,-3772.480620155015,-37.67396996003857,31000.0,0.0,25.0
32000.0,12.546875,0.234375,4266.666666666667,1.171875,853.3333333333334,0.0,31000.0,6.443980222262639,-3735.164835164813,-33.5799948966573,32000.0,0.0,25.0
33000.0,12.890625,0.15625,6400.0,1.171875,853.3333333333334,0.0,32000.0,13.724020632827965,-3753.736654804287,-22.94504995458675,33000.0,0.0,25.0
34000.0,13.265625,0.15625,6400.0,1.328125,752.9411764705883,0.0,33000.0,16.386868593320855,-3722.847682119213,-19.463990066225186,34000.0,0.0,25.0
35000.0,13.609375,0.15625,6400.0,1.09375,914.2857142857143,0.0,34000.0,16.77092556878044,-3591.4634146341305,-19.952446998216757,35000.0,0.0,25.0
36000.0,13.859375,0.15625,6400.0,0.78125,1280.0,0.0,35000.0,14.883401447329497,-3778.1065088757587,-27.46013224426292,36000.0,0.0,25.0
37000.0,14.234375,0.15625,6400.0,1.171875,853.3333333333334,0.0,36000.0,14.803635198474357,-3770.348837209309,-26.920877025738793,37000.0,0.0,25.0
38000.0,14.578125,0.234375,4266.666666666667,0.9375,1066.6666666666667,0.0,37000.0,14.769261462365693,-3736.363636363648,-26.441947565543032,38000.0,0.0,25.0
39000.0,14.84375,0.0,Infinity,0.78125,1280.0,0.0,38000.0,15.025226908393266,-3759.659090909083,-27.209737827715376,39000.0,0.0,25.0
40000.0,15.15625,0.15625,6400.0,0.859375,1163.6363636363637,0.0,39000.0,15.527653988679942,-3759.65909090907,-27.209737827715347,40000.0,0.0,25.0
41000.0,15.625,0.234375,4266.666666666667,1.40625,711.1111111111111,0.0,40000.0,14.90884685310274,-3817.0391061452447,-26.140145722766935,41000.0,0.0,25.0
42000.0,15.953125,0.234375,4266.666666666667,0.859375,1163.6363636363637,0.0,41000.0,14.10825025487281,-3946.091644204848,-30.871839581516987,42000.0,0.0,25.0
43000.0,16.375,0.234375,4266.666666666667,1.171875,853.3333333333334,0.0,42000.0,14.612937101467754,-3915.4255319149024,-30.470100241963376,43000.0,0.0,25.0
44000.0,16.734375,0.15625,6400.0,1.171875,853.3333333333334,0.0,43000.0,15.057154279170955,-3915.425531914899,-30.47010024196335,44000.0,0.0,25.0
45000.0,17.1875,0.234375,4266.666666666667,1.5625,640.0,0.0,44000.0,15.010934325263007,-3913.3858267716605,-29.970250743731423,45000.0,0.0,25.0
46000.0,17.546875,0.3125,3200.0,1.09375,914.2857142857143,0.0,45000.0,14.896454494532332,-3907.216494845372,-29.588264710785133,46000.0,0.0,25.0
47000.0,17.90625,0.234375,4266.666666666667,1.015625,984.6153846153846,0.0,46000.0,13.316592823497714,-4112.820512820487,-34.1772151898734,47000.0,0.0,25.0
48000.0,18.296875,0.15625,6400.0,1.328125,752.9411764705883,0.0,47000.0,11.552133905887342,-4330.769230769215,-41.11882400979989,48000.0,0.0,25.0
49000.0,18.640625,0.078125,12800.0,1.09375,914.2857142857143,0.0,48000.0,11.973511931476084,-4330.769230769203,-41.1188240097999,49000.0,0.0,25.0
50000.0,19.140625,0.234375,4266.666666666667,1.875,533.3333333333334,0.0,49000.0,12.165985765308921,-4308.883248730949,-40.8154993514916,50000.0,0.0,25.0
51000.0,19.515625,0.3125,3200.0,1.171875,853.3333333333334,0.0,50000.0,11.547519031607905,-4276.039119804419,-39.143279172821224,51000.0,0.0,25.0
52000.0,19.765625,0.0,Infinity,0.78125,1280.0,0.0,51000.0,11.676019502288977,-4292.009685230009,-40.29700672905871,52000.0,0.0,25.0
53000.0,20.15625,0.15625,6400.0,1.328125,752.9411764705883,0.0,52000.0,11.240524238007177,-4274.764150943383,-39.05840017992353,53000.0,0.0,25.0
learning evaluation instances,evaluation time (cpu seconds),average chunk train time,average chunk train speed,average chunk test time,average chunk test speed,model cost (RAM-Hours),classified instances,Kappa Statistic (percent),Kappa Temporal Statistic (percent),Kappa M Statistic (percent),model training instances,model serialized size (bytes),Pool Size
2000.0,0.359375,0.15625,6400.0,1.40625,711.1111111111111,0.0,1000.0,0.0,-2299.9999999999977,0.0,2000.0,0.0,10.0
3000.0,0.65625,0.15625,6400.0,0.78125,1280.0,0.0,2000.0,0.0,-2109.9999999999977,0.0,3000.0,0.0,15.0
4000.0,0.984375,0.15625,6400.0,1.015625,984.6153846153846,0.0,3000.0,3.2745230475010345,-2161.290322580639,-6.8597560975609815,4000.0,0.0,20.0
5000.0,1.5,0.234375,4266.666666666667,1.953125,512.0,0.0,4000.0,6.305170808447022,-2161.2903225806517,-6.859756097561,5000.0,0.0,25.0
6000.0,1.8125,0.15625,6400.0,0.859375,1163.6363636363637,0.0,5000.0,8.034082228025877,-2161.2903225806513,-6.859756097560983,6000.0,0.0,25.0
7000.0,2.265625,0.3125,3200.0,1.484375,673.6842105263158,0.0,6000.0,9.1516729667584,-2161.2903225806517,-6.8597560975609815,7000.0,0.0,25.0
8000.0,2.78125,0.234375,4266.666666666667,1.796875,556.5217391304348,0.0,7000.0,8.704138714435185,-2216.6666666666606,-6.254343293954158,8000.0,0.0,25.0
9000.0,3.28125,0.15625,6400.0,1.71875,581.8181818181819,0.0,8000.0,5.224773067800035,-2489.2857142857256,-4.316546762589922,9000.0,0.0,25.0
10000.0,3.671875,0.234375,4266.666666666667,1.328125,752.9411764705883,0.0,9000.0,5.721061259068108,-2508.8235294117703,-3.2195500387897673,10000.0,0.0,25.0
11000.0,4.09375,0.234375,4266.666666666667,1.40625,711.1111111111111,0.0,10000.0,10.094597850587949,-2830.6451612903297,-13.032659409020198,11000.0,0.0,25.0
12000.0,4.46875,0.234375,4266.666666666667,1.09375,914.2857142857143,0.0,11000.0,6.162468814015028,-3207.462686567164,-26.882336100772953,12000.0,0.0,25.0
13000.0,4.859375,0.234375,4266.666666666667,1.09375,914.2857142857143,0.0,12000.0,7.5302638714752765,-3214.9253731343306,-27.168622960206108,13000.0,0.0,25.0
14000.0,5.25,0.15625,6400.0,1.25,800.0,0.0,13000.0,8.740652933714713,-3214.925373134315,-27.16862296020615,14000.0,0.0,25.0
15000.0,5.671875,0.234375,4266.666666666667,1.328125,752.9411764705883,0.0,14000.0,8.51222764087364,-3136.111111111128,-25.572621934788444,15000.0,0.0,25.0
16000.0,6.046875,0.15625,6400.0,1.015625,984.6153846153846,0.0,15000.0,8.108840495884115,-3174.324324324316,-27.896542623383436,16000.0,0.0,25.0
17000.0,6.5625,0.234375,4266.666666666667,1.71875,581.8181818181819,0.0,16000.0,6.568588772617947,-3096.4071856287455,-24.690492875496343,17000.0,0.0,25.0
18000.0,7.015625,0.15625,6400.0,1.5625,640.0,0.0,17000.0,6.086133308602287,-3331.7647058823504,-30.4270064833445,18000.0,0.0,25.0
19000.0,7.34375,0.234375,4266.666666666667,1.015625,984.6153846153846,0.0,18000.0,7.026291748462199,-3672.4137931034306,-38.39342188488302,19000.0,0.0,25.0
20000.0,7.75,0.15625,6400.0,1.328125,752.9411764705883,0.0,19000.0,7.332353285854912,-3582.9670329670457,-37.30028676771818,20000.0,0.0,25.0
21000.0,8.140625,0.078125,12800.0,1.328125,752.9411764705883,0.0,20000.0,6.332544609437946,-3461.499999999997,-34.3455299886835,21000.0,0.0,25.0
22000.0,8.5625,0.3125,3200.0,1.09375,914.2857142857143,0.0,21000.0,4.4608512068145005,-3569.158878504671,-38.97345132743359,22000.0,0.0,25.0
23000.0,8.921875,0.234375,4266.666666666667,1.015625,984.6153846153846,0.0,22000.0,6.050961420524749,-3441.5929203539654,-36.72702425691837,23000.0,0.0,25.0
24000.0,9.34375,0.234375,4266.666666666667,1.328125,752.9411764705883,0.0,23000.0,5.02164206002194,-3517.52136752137,-34.04592240696754,24000.0,0.0,25.0
25000.0,9.828125,0.15625,6400.0,1.71875,581.8181818181819,0.0,24000.0,3.192021033182404,-3691.666666666663,-42.834719824203404,25000.0,0.0,25.0
26000.0,10.1875,0.15625,6400.0,1.171875,853.3333333333334,0.0,25000.0,4.030806929350328,-3691.666666666646,-42.83471982420345,26000.0,0.0,25.0
27000.0,10.609375,0.078125,12800.0,1.40625,711.1111111111111,0.0,26000.0,4.792272129568586,-3691.6666666666524,-42.83471982420342,27000.0,0.0,25.0
28000.0,11.078125,0.234375,4266.666666666667,1.71875,581.8181818181819,0.0,27000.0,5.486636900996598,-3691.6666666666893,-42.83471982420344,28000.0,0.0,25.0
29000.0,11.421875,0.078125,12800.0,1.09375,914.2857142857143,0.0,28000.0,6.122396300700732,-3691.66666666667,-42.834719824203404,29000.0,0.0,25.0
30000.0,11.921875,0.15625,6400.0,1.71875,581.8181818181819,0.0,29000.0,6.706669461012284,-3691.6666666666893,-42.834719824203404,30000.0,0.0,25.0
31000.0,12.34375,0.234375,4266.666666666667,1.328125,752.9411764705883,0.0,30000.0,4.806966955596498,-3770.542635658891,-37.60507096596388,31000.0,0.0,25.0
32000.0,12.75,0.234375,4266.666666666667,1.25,800.0,0.0,31000.0,6.62706318742343,-3731.1355311355087,-33.43965297269709,32000.0,0.0,25.0
33000.0,13.09375,0.15625,6400.0,1.171875,853.3333333333334,0.0,32000.0,13.923446954355137,-3747.68683274023,-22.75204359673026,33000.0,0.0,25.0
34000.0,13.515625,0.234375,4266.666666666667,1.25,800.0,0.0,33000.0,16.564322398148025,-3717.2185430463664,-19.288079470198713,34000.0,0.0,25.0
35000.0,13.90625,0.15625,6400.0,1.25,800.0,0.0,34000.0,16.909502543448383,-3587.804878048765,-19.833564493758676,35000.0,0.0,25.0
36000.0,14.203125,0.15625,6400.0,0.859375,1163.6363636363637,0.0,35000.0,15.01566906481523,-3774.556213017771,-27.343446129910546,36000.0,0.0,25.0
37000.0,14.578125,0.15625,6400.0,1.171875,853.3333333333334,0.0,36000.0,14.93460853828679,-3766.860465116286,-26.80648236415634,37000.0,0.0,25.0
38000.0,14.90625,0.234375,4266.666666666667,0.9375,1066.6666666666667,0.0,37000.0,14.898976851314396,-3732.9545454545582,-26.329588014981255,38000.0,0.0,25.0
39000.0,15.171875,0.15625,6400.0,0.703125,1422.2222222222222,0.0,38000.0,15.153744787490487,-3756.2499999999914,-27.097378277153556,39000.0,0.0,25.0
40000.0,15.484375,0.15625,6400.0,1.015625,984.6153846153846,0.0,39000.0,15.65522232151451,-3756.2499999999786,-27.097378277153535,40000.0,0.0,25.0
41000.0,15.921875,0.234375,4266.666666666667,1.40625,711.1111111111111,0.0,40000.0,15.032918664544276,-3813.6871508379827,-26.032202932445813,41000.0,0.0,25.0
42000.0,16.21875,0.15625,6400.0,0.859375,1163.6363636363637,0.0,41000.0,14.225765077194433,-3942.8571428571395,-30.767218831734944,42000.0,0.0,25.0
43000.0,16.484375,0.15625,6400.0,0.78125,1280.0,0.0,42000.0,14.703933620575018,-3912.765957446817,-30.383684756308345,43000.0,0.0,25.0
44000.0,16.78125,0.15625,6400.0,1.015625,984.6153846153846,0.0,43000.0,15.147483725313066,-3912.765957446815,-30.383684756308345,44000.0,0.0,25.0
45000.0,17.21875,0.078125,12800.0,1.640625,609.5238095238095,0.0,44000.0,15.10020247324611,-3910.7611548556497,-29.885252868678297,45000.0,0.0,25.0
46000.0,17.578125,0.15625,6400.0,1.09375,914.2857142857143,0.0,45000.0,14.984781593799248,-3904.639175257743,-29.504917486247706,46000.0,0.0,25.0
47000.0,17.890625,0.15625,6400.0,0.9375,1066.6666666666667,0.0,46000.0,13.402703341466381,-4110.256410256385,-34.09554920375661,47000.0,0.0,25.0
48000.0,18.328125,0.078125,12800.0,1.5625,640.0,0.0,47000.0,11.636306389420552,-4328.2051282051125,-41.03715802368311,48000.0,0.0,25.0
49000.0,18.734375,0.15625,6400.0,1.328125,752.9411764705883,0.0,48000.0,12.057099682081935,-4328.205128205101,-41.037158023683105,49000.0,0.0,25.0
50000.0,19.25,0.078125,12800.0,1.875,533.3333333333334,0.0,49000.0,12.24893463238247,-4306.345177664959,-40.7344357976654,50000.0,0.0,25.0
51000.0,19.640625,0.15625,6400.0,1.171875,853.3333333333334,0.0,50000.0,11.628101559811522,-4273.594132029359,-39.065536811008286,51000.0,0.0,25.0
52000.0,19.90625,0.15625,6400.0,0.703125,1422.2222222222222,0.0,51000.0,11.755449207120147,-4289.588377723955,-40.21966122669966,52000.0,0.0,25.0
53000.0,20.3125,0.15625,6400.0,1.40625,711.1111111111111,0.0,52000.0,11.31858443550218,-4272.405660377345,-38.98343204138241,53000.0,0.0,25.0
learning evaluation instances,evaluation time (cpu seconds),average chunk train time,average chunk train speed,average chunk test time,average chunk test speed,model cost (RAM-Hours),classified instances,Kappa Statistic (percent),Kappa Temporal Statistic (percent),Kappa M Statistic (percent),model training instances,model serialized size (bytes),Pool Size
2000.0,0.390625,0.3125,3200.0,1.484375,673.6842105263158,0.0,1000.0,0.0,-2299.9999999999977,0.0,2000.0,0.0,10.0
3000.0,0.6875,0.15625,6400.0,0.78125,1280.0,0.0,2000.0,0.0,-2109.9999999999977,0.0,3000.0,0.0,15.0
4000.0,1.046875,0.15625,6400.0,1.09375,914.2857142857143,0.0,3000.0,3.633819559159235,-2151.612903225801,-6.402439024390249,4000.0,0.0,20.0
5000.0,1.546875,0.15625,6400.0,1.953125,512.0,0.0,4000.0,6.6364840343204445,-2151.6129032258123,-6.402439024390251,5000.0,0.0,25.0
6000.0,1.875,0.234375,4266.666666666667,0.78125,1280.0,0.0,5000.0,8.349913726806282,-2151.6129032258123,-6.402439024390259,6000.0,0.0,25.0
7000.0,2.359375,0.234375,4266.666666666667,1.640625,609.5238095238095,0.0,6000.0,9.457683303601133,-2151.6129032258127,-6.402439024390249,7000.0,0.0,25.0
8000.0,2.859375,0.15625,6400.0,1.796875,556.5217391304348,0.0,7000.0,8.984092236055366,-2207.575757575751,-5.837387074357199,8000.0,0.0,25.0
9000.0,3.359375,0.15625,6400.0,1.71875,581.8181818181819,0.0,8000.0,5.434589969134375,-2482.142857142868,-4.028776978417248,9000.0,0.0,25.0
10000.0,3.734375,0.234375,4266.666666666667,1.25,800.0,0.0,9000.0,6.18819631172109,-2498.0392156862804,-2.7928626842513604,10000.0,0.0,25.0
11000.0,4.109375,0.234375,4266.666666666667,1.328125,752.9411764705883,0.0,10000.0,10.41373449682229,-2821.7741935483946,-12.690513219284586,11000.0,0.0,25.0
12000.0,4.5,0.15625,6400.0,1.25,800.0,0.0,11000.0,6.366861204500355,-3204.477611940298,-26.7678213569997,12000.0,0.0,25.0
13000.0,4.84375,0.234375,4266.666666666667,1.09375,914.2857142857143,0.0,12000.0,7.73744268758599,-3211.940298507465,-27.05410821643286,13000.0,0.0,25.0
14000.0,5.28125,0.234375,4266.666666666667,1.40625,711.1111111111111,0.0,13000.0,8.950057526822588,-3211.9402985074485,-27.054108216432876,14000.0,0.0,25.0
15000.0,5.765625,0.3125,3200.0,1.40625,711.1111111111111,0.0,14000.0,8.712446362750374,-3133.33333333335,-25.464834276475294,15000.0,0.0,25.0
16000.0,6.109375,0.15625,6400.0,1.09375,914.2857142857143,0.0,15000.0,8.30581876654549,-3171.6216216216135,-27.790973871733932,16000.0,0.0,25.0
17000.0,6.578125,0.234375,4266.666666666667,1.640625,609.5238095238095,0.0,16000.0,6.747415205724271,-3094.0119760479074,-24.59705676243866,17000.0,0.0,25.0
18000.0,7.03125,0.15625,6400.0,1.5625,640.0,0.0,17000.0,6.251571085472224,-3329.4117647058792,-30.33758104180636,18000.0,0.0,25.0
19000.0,7.375,0.234375,4266.666666666667,1.09375,914.2857142857143,0.0,18000.0,7.170187164729653,-3670.1149425287176,-38.30908707569052,19000.0,0.0,25.0
20000.0,7.765625,0.234375,4266.666666666667,1.015625,984.6153846153846,0.0,19000.0,7.473932141036825,-3580.769230769243,-37.218353133961536,20000.0,0.0,25.0
21000.0,8.171875,0.234375,4266.666666666667,1.328125,752.9411764705883,0.0,20000.0,6.466549227595203,-3459.4999999999973,-34.27008675971331,21000.0,0.0,25.0
22000.0,8.515625,0.078125,12800.0,1.171875,853.3333333333334,0.0,21000.0,4.584933402416396,-3567.2897196261665,-38.9026548672566,22000.0,0.0,25.0
23000.0,8.84375,0.15625,6400.0,1.015625,984.6153846153846,0.0,22000.0,6.169665439731965,-3439.82300884954,-36.65869490946364,23000.0,0.0,25.0
24000.0,9.234375,0.078125,12800.0,1.484375,673.6842105263158,0.0,23000.0,5.1339463896601005,-3515.811965811968,-33.98258115597784,24000.0,0.0,25.0
25000.0,9.703125,0.15625,6400.0,1.71875,581.8181818181819,0.0,24000.0,3.301255895669339,-3689.999999999997,-42.77193533197299,25000.0,0.0,25.0
26000.0,10.0625,0.15625,6400.0,1.171875,853.3333333333334,0.0,25000.0,4.140348646694831,-3689.99999999998,-42.77193533197305,26000.0,0.0,25.0
27000.0,10.4375,0.15625,6400.0,1.25,800.0,0.0,26000.0,4.902073415152201,-3689.9999999999854,-42.77193533197299,27000.0,0.0,25.0
28000.0,10.875,0.234375,4266.666666666667,1.5625,640.0,0.0,27000.0,5.596659119919207,-3690.000000000023,-42.771935331973026,28000.0,0.0,25.0
29000.0,11.25,0.234375,4266.666666666667,1.171875,853.3333333333334,0.0,28000.0,6.23260762100843,-3690.0000000000036,-42.771935331973,29000.0,0.0,25.0
30000.0,11.734375,0.234375,4266.666666666667,1.796875,556.5217391304348,0.0,29000.0,6.8170434546818885,-3690.000000000023,-42.771935331973026,30000.0,0.0,25.0
31000.0,12.15625,0.15625,6400.0,1.40625,711.1111111111111,0.0,30000.0,4.907901781834005,-3768.992248061992,-37.54995177070414,31000.0,0.0,25.0
32000.0,12.515625,0.234375,4266.666666666667,1.171875,853.3333333333334,0.0,31000.0,6.475868822073419,-3733.699633699612,-33.5289614697627,32000.0,0.0,25.0
33000.0,12.828125,0.078125,12800.0,1.171875,853.3333333333334,0.0,32000.0,13.82414027963817,-3748.7544483985935,-22.786103542234347,33000.0,0.0,25.0
34000.0,13.21875,0.234375,4266.666666666667,1.25,800.0,0.0,33000.0,16.477722379405837,-3718.2119205298095,-19.319122516556305,34000.0,0.0,25.0
35000.0,13.59375,0.15625,6400.0,1.171875,853.3333333333334,0.0,34000.0,16.772148921988602,-3590.8536585365696,-19.93263324747374,35000.0,0.0,25.0
36000.0,13.859375,0.15625,6400.0,0.859375,1163.6363636363637,0.0,35000.0,14.884533245862706,-3777.5147928994274,-27.440684558537516,36000.0,0.0,25.0
37000.0,14.21875,0.15625,6400.0,1.09375,914.2857142857143,0.0,36000.0,14.804569791059238,-3769.767441860471,-26.90181124880837,37000.0,0.0,25.0
38000.0,14.515625,0.234375,4266.666666666667,0.9375,1066.6666666666667,0.0,37000.0,14.770045668163101,-3735.795454545467,-26.42322097378275,38000.0,0.0,25.0
39000.0,14.78125,0.15625,6400.0,0.703125,1422.2222222222222,0.0,38000.0,15.026207248972126,-3759.0909090909,-27.19101123595506,39000.0,0.0,25.0
40000.0,15.109375,0.234375,4266.666666666667,0.9375,1066.6666666666667,0.0,39000.0,15.52885378230761,-3759.0909090908885,-27.19101123595506,40000.0,0.0,25.0
41000.0,15.484375,0.078125,12800.0,1.40625,711.1111111111111,0.0,40000.0,14.910037771119264,-3816.480446927368,-26.122155257713413,41000.0,0.0,25.0
42000.0,15.8125,0.15625,6400.0,0.859375,1163.6363636363637,0.0,41000.0,14.109071944173825,-3945.552560646897,-30.85440278988665,42000.0,0.0,25.0
43000.0,16.078125,0.234375,4266.666666666667,0.703125,1422.2222222222222,0.0,42000.0,14.603207343952848,-3915.4255319149024,-30.470100241963376,43000.0,0.0,25.0
44000.0,16.421875,0.078125,12800.0,1.09375,914.2857142857143,0.0,43000.0,15.04763828642284,-3915.425531914899,-30.47010024196335,44000.0,0.0,25.0
45000.0,16.828125,0.234375,4266.666666666667,1.40625,711.1111111111111,0.0,44000.0,15.001558937689275,-3913.3858267716605,-29.970250743731423,45000.0,0.0,25.0
46000.0,17.140625,0.234375,4266.666666666667,0.9375,1066.6666666666667,0.0,45000.0,14.887021675365514,-3907.216494845372,-29.588264710785133,46000.0,0.0,25.0
47000.0,17.4375,0.15625,6400.0,0.859375,1163.6363636363637,0.0,46000.0,13.30713907703189,-4112.820512820487,-34.1772151898734,47000.0,0.0,25.0
48000.0,17.875,0.15625,6400.0,1.40625,711.1111111111111,0.0,47000.0,11.54287834971267,-4330.769230769215,-41.11882400979989,48000.0,0.0,25.0
49000.0,18.21875,0.234375,4266.666666666667,1.09375,914.2857142857143,0.0,48000.0,11.96444193032884,-4330.769230769203,-41.1188240097999,49000.0,0.0,25.0
50000.0,18.671875,0.0,Infinity,1.875,533.3333333333334,0.0,49000.0,12.15706166576149,-4308.883248730949,-40.8154993514916,50000.0,0.0,25.0
51000.0,19.046875,0.15625,6400.0,1.171875,853.3333333333334,0.0,50000.0,11.539150427793334,-4276.039119804419,-39.143279172821224,51000.0,0.0,25.0
52000.0,19.328125,0.234375,4266.666666666667,0.78125,1280.0,0.0,51000.0,11.667796382558963,-4292.009685230009,-40.29700672905871,52000.0,0.0,25.0
53000.0,19.765625,0.234375,4266.666666666667,1.40625,711.1111111111111,0.0,52000.0,11.232332557430876,-4274.764150943383,-39.05840017992353,53000.0,0.0,25.0
learning evaluation instances,evaluation time (cpu seconds),average chunk train time,average chunk train speed,average chunk test time,average chunk test speed,model cost (RAM-Hours),classified instances,Kappa Statistic (percent),Kappa Temporal Statistic (percent),Kappa M Statistic (percent),model training instances,model serialized size (bytes),Pool Size
2000.0,0.375,0.3125,3200.0,1.40625,711.1111111111111,0.0,1000.0,0.0,-2299.9999999999977,0.0,2000.0,0.0,10.0
3000.0,0.6875,0.15625,6400.0,0.703125,1422.2222222222222,0.0,2000.0,0.0,-2109.9999999999977,0.0,3000.0,0.0,15.0
4000.0,1.09375,0.15625,6400.0,1.171875,853.3333333333334,0.0,3000.0,2.9961495128764675,-2167.741935483865,-7.164634146341461,4000.0,0.0,20.0
5000.0,1.640625,0.234375,4266.666666666667,1.953125,512.0,0.0,4000.0,6.036157700866508,-2167.741935483877,-7.164634146341488,5000.0,0.0,25.0
6000.0,1.953125,0.234375,4266.666666666667,0.859375,1163.6363636363637,0.0,5000.0,7.770390516959392,-2167.741935483877,-7.16463414634148,6000.0,0.0,25.0
7000.0,2.4375,0.234375,4266.666666666667,1.5625,640.0,0.0,6000.0,8.891413922960115,-2167.7419354838767,-7.164634146341435,7000.0,0.0,25.0
8000.0,2.953125,0.15625,6400.0,1.796875,556.5217391304348,0.0,7000.0,8.464472981494914,-2222.7272727272666,-6.532314107018779,8000.0,0.0,25.0
9000.0,3.46875,0.234375,4266.666666666667,1.796875,556.5217391304348,0.0,8000.0,5.0480636984127605,-2494.0476190476306,-4.508393285371717,9000.0,0.0,25.0
10000.0,3.859375,0.15625,6400.0,1.25,800.0,0.0,9000.0,5.721483680506099,-2509.803921568634,-3.25833979829328,10000.0,0.0,25.0
11000.0,4.28125,0.15625,6400.0,1.328125,752.9411764705883,0.0,10000.0,10.090393164693225,-2831.451612903234,-13.063763608087104,11000.0,0.0,25.0
12000.0,4.671875,0.234375,4266.666666666667,1.25,800.0,0.0,11000.0,6.099597387288466,-3212.686567164179,-27.08273690237617,12000.0,0.0,25.0
13000.0,5.0625,0.078125,12800.0,1.171875,853.3333333333334,0.0,12000.0,7.473172193937806,-3220.149253731346,-27.36902376180933,13000.0,0.0,25.0
14000.0,5.484375,0.234375,4266.666666666667,1.40625,711.1111111111111,0.0,13000.0,8.688064554192906,-3220.1492537313293,-27.36902376180934,14000.0,0.0,25.0
15000.0,5.921875,0.3125,3200.0,1.328125,752.9411764705883,0.0,14000.0,8.461739730743188,-3140.97222222224,-25.761250336836426,15000.0,0.0,25.0
16000.0,6.28125,0.234375,4266.666666666667,1.09375,914.2857142857143,0.0,15000.0,8.062667274606165,-3179.054054054046,-28.081287938770107,16000.0,0.0,25.0
17000.0,6.71875,0.234375,4266.666666666667,1.5625,640.0,0.0,16000.0,6.523498967091217,-3100.5988023952136,-24.854006073347346,17000.0,0.0,25.0
18000.0,7.171875,0.15625,6400.0,1.5625,640.0,0.0,17000.0,6.045202157850213,-3335.882352941174,-30.583501006036194,18000.0,0.0,25.0
19000.0,7.46875,0.078125,12800.0,1.015625,984.6153846153846,0.0,18000.0,6.988863906380585,-3676.4367816091776,-38.541007800969886,19000.0,0.0,25.0
20000.0,7.859375,0.234375,4266.666666666667,1.171875,853.3333333333334,0.0,19000.0,7.296727041469832,-3586.8131868131995,-37.443670626792326,20000.0,0.0,25.0
21000.0,8.25,0.078125,12800.0,1.328125,752.9411764705883,0.0,20000.0,6.2982283215957295,-3464.999999999997,-34.47755563938138,21000.0,0.0,25.0
22000.0,8.640625,0.234375,4266.666666666667,1.171875,853.3333333333334,0.0,21000.0,4.42891672595646,-3572.4299065420546,-39.09734513274335,22000.0,0.0,25.0
23000.0,8.984375,0.15625,6400.0,1.015625,984.6153846153846,0.0,22000.0,6.019379251712982,-3444.690265486708,-36.84660061496414,23000.0,0.0,25.0
24000.0,9.375,0.234375,4266.666666666667,1.328125,752.9411764705883,0.0,23000.0,4.990425953056653,-3520.5128205128217,-34.15676959619951,24000.0,0.0,25.0
25000.0,9.859375,0.15625,6400.0,1.71875,581.8181818181819,0.0,24000.0,3.164429928540883,-3694.58333333333,-42.94459268560665,25000.0,0.0,25.0
26000.0,10.21875,0.078125,12800.0,1.171875,853.3333333333334,0.0,25000.0,4.004448678606849,-3694.5833333333126,-42.9445926856067,26000.0,0.0,25.0
learning evaluation instances,evaluation time (cpu seconds),average chunk train time,average chunk train speed,average chunk test time,average chunk test speed,model cost (RAM-Hours),classified instances,Kappa Statistic (percent),Kappa Temporal Statistic (percent),Kappa M Statistic (percent),model training instances,model serialized size (bytes),Pool Size
2000.0,0.546875,0.9375,1066.6666666666667,1.171875,853.3333333333334,0.0,1000.0,0.0,-2299.9999999999977,0.0,2000.0,0.0,10.0
3000.0,0.90625,0.390625,2560.0,0.859375,1163.6363636363637,0.0,2000.0,0.0,-2109.9999999999977,0.0,3000.0,0.0,15.0
4000.0,1.265625,0.15625,6400.0,1.09375,914.2857142857143,0.0,3000.0,3.2627949260887803,-2162.9032258064453,-6.935975609756095,4000.0,0.0,20.0
5000.0,1.765625,0.234375,4266.666666666667,1.71875,581.8181818181819,0.0,4000.0,6.309938809304823,-2162.9032258064576,-6.935975609756113,5000.0,0.0,25.0
6000.0,2.109375,0.234375,4266.666666666667,1.015625,984.6153846153846,0.0,5000.0,8.047791030052194,-2162.903225806457,-6.935975609756097,6000.0,0.0,25.0
7000.0,2.5625,0.3125,3200.0,1.484375,673.6842105263158,0.0,6000.0,9.170979642452187,-2162.9032258064576,-6.935975609756095,7000.0,0.0,25.0
8000.0,3.078125,0.234375,4266.666666666667,1.796875,556.5217391304348,0.0,7000.0,8.723782056936415,-2218.1818181818116,-6.323835997220299,8000.0,0.0,25.0
9000.0,3.546875,0.234375,4266.666666666667,1.5625,640.0,0.0,8000.0,5.235344385798397,-2490.476190476202,-4.364508393285381,9000.0,0.0,25.0
10000.0,3.921875,0.234375,4266.666666666667,1.171875,853.3333333333334,0.0,9000.0,5.801827088199117,-2508.8235294117703,-3.2195500387897673,10000.0,0.0,25.0
11000.0,4.28125,0.15625,6400.0,1.25,800.0,0.0,10000.0,10.144780397082464,-2830.6451612903297,-13.032659409020198,11000.0,0.0,25.0
12000.0,4.65625,0.3125,3200.0,1.171875,853.3333333333334,0.0,11000.0,6.115941690295126,-3214.1791044776114,-27.139994274262797,12000.0,0.0,25.0
13000.0,4.96875,0.078125,12800.0,1.09375,914.2857142857143,0.0,12000.0,7.491677680304441,-3221.641791044779,-27.42628113369595,13000.0,0.0,25.0
14000.0,5.28125,0.15625,6400.0,1.09375,914.2857142857143,0.0,13000.0,8.708251178700584,-3221.6417910447626,-27.42628113369598,14000.0,0.0,25.0
15000.0,5.6875,0.234375,4266.666666666667,1.328125,752.9411764705883,0.0,14000.0,8.4817197674585,-3142.3611111111286,-25.815144165992976,15000.0,0.0,25.0
16000.0,6.0,0.234375,4266.666666666667,1.015625,984.6153846153846,0.0,15000.0,8.083646065606443,-3180.4054054053972,-28.134072314594853,16000.0,0.0,25.0
17000.0,6.4375,0.234375,4266.666666666667,1.5625,640.0,0.0,16000.0,6.54208568215731,-3101.796407185632,-24.90072412987617,17000.0,0.0,25.0
18000.0,6.84375,0.234375,4266.666666666667,1.40625,711.1111111111111,0.0,17000.0,6.063057448269164,-3337.0588235294085,-30.628213726805264,18000.0,0.0,25.0
19000.0,7.15625,0.15625,6400.0,0.9375,1066.6666666666667,0.0,18000.0,7.004185754851311,-3677.586206896534,-38.583175205566114,19000.0,0.0,25.0
20000.0,7.546875,0.15625,6400.0,1.09375,914.2857142857143,0.0,19000.0,7.312025032090978,-3587.9120879121006,-37.48463744367064,20000.0,0.0,25.0
21000.0,7.90625,0.234375,4266.666666666667,1.171875,853.3333333333334,0.0,20000.0,6.312368998481777,-3465.999999999997,-34.51527725386648,21000.0,0.0,25.0
22000.0,8.21875,0.234375,4266.666666666667,1.015625,984.6153846153846,0.0,21000.0,4.442542774322042,-3573.3644859813066,-39.132743362831825,22000.0,0.0,25.0
23000.0,8.546875,0.234375,4266.666666666667,0.9375,1066.6666666666667,0.0,22000.0,6.032171084454163,-3445.5752212389207,-36.88076528869152,23000.0,0.0,25.0
24000.0,8.9375,0.234375,4266.666666666667,1.25,800.0,0.0,23000.0,5.002492550119904,-3521.3675213675238,-34.188440221694385,24000.0,0.0,25.0
25000.0,9.375,0.078125,12800.0,1.640625,609.5238095238095,0.0,24000.0,3.1771111002435632,-3695.416666666663,-42.975984931721854,25000.0,0.0,25.0
26000.0,9.75,0.234375,4266.666666666667,1.09375,914.2857142857143,0.0,25000.0,4.017416823151975,-3695.416666666646,-42.9759849317219,26000.0,0.0,25.0
27000.0,10.125,0.234375,4266.666666666667,1.09375,914.2857142857143,0.0,26000.0,4.780240664429781,-3695.416666666653,-42.975984931721875,27000.0,0.0,25.0
28000.0,10.546875,0.15625,6400.0,1.484375,673.6842105263158,0.0,27000.0,5.475826861775845,-3695.4166666666893,-42.97598493172186,28000.0,0.0,25.0
29000.0,10.90625,0.234375,4266.666666666667,1.015625,984.6153846153846,0.0,28000.0,6.112689965521524,-3695.41666666667,-42.97598493172185,29000.0,0.0,25.0
30000.0,11.390625,0.15625,6400.0,1.640625,609.5238095238095,0.0,29000.0,6.697965114198855,-3695.41666666669,-42.97598493172189,30000.0,0.0,25.0
31000.0,11.78125,0.234375,4266.666666666667,1.328125,752.9411764705883,0.0,30000.0,4.796934035187852,-3774.0310077519152,-37.729089155298354,31000.0,0.0,25.0
32000.0,12.171875,0.234375,4266.666666666667,1.25,800.0,0.0,31000.0,6.13560729605623,-3745.421245421224,-33.93722888491962,32000.0,0.0,25.0
33000.0,12.53125,0.15625,6400.0,1.171875,853.3333333333334,0.0,32000.0,13.560427209432454,-3758.718861209981,-23.103996366939146,33000.0,0.0,25.0
34000.0,12.875,0.15625,6400.0,1.25,800.0,0.0,33000.0,16.241466624705602,-3727.483443708617,-19.608857615894067,34000.0,0.0,25.0
35000.0,13.25,0.15625,6400.0,1.171875,853.3333333333334,0.0,34000.0,16.58218353777775,-3597.865853658521,-20.160491381018414,35000.0,0.0,25.0
36000.0,13.53125,0.15625,6400.0,0.78125,1280.0,0.0,35000.0,14.703794342908145,-3784.3195266272387,-27.664332944379623,36000.0,0.0,25.0
37000.0,13.875,0.0,Infinity,1.171875,853.3333333333334,0.0,36000.0,14.626377401925447,-3776.453488372099,-27.12106768350807,37000.0,0.0,25.0
38000.0,14.203125,0.234375,4266.666666666667,0.9375,1066.6666666666667,0.0,37000.0,14.594158986970507,-3742.3295454545573,-26.63857677902619,38000.0,0.0,25.0
39000.0,14.484375,0.234375,4266.666666666667,0.625,1600.0,0.0,38000.0,14.851115495903736,-3765.6249999999914,-27.40636704119852,39000.0,0.0,25.0
40000.0,14.8125,0.078125,12800.0,1.015625,984.6153846153846,0.0,39000.0,15.354152494571455,-3765.62499999998,-27.406367041198514,40000.0,0.0,25.0
41000.0,15.25,0.15625,6400.0,1.5625,640.0,0.0,40000.0,14.739621899181504,-3822.905027932955,-26.32904560582891,41000.0,0.0,25.0
42000.0,15.546875,0.15625,6400.0,0.78125,1280.0,0.0,41000.0,13.948516040754502,-3951.752021563339,-31.054925893635556,42000.0,0.0,25.0
43000.0,15.859375,0.15625,6400.0,0.859375,1163.6363636363637,0.0,42000.0,14.442260575847607,-3921.5425531914975,-30.668855858969934,43000.0,0.0,25.0
44000.0,16.21875,0.15625,6400.0,1.09375,914.2857142857143,0.0,43000.0,14.887062335392507,-3921.5425531914943,-30.668855858969916,44000.0,0.0,25.0
45000.0,16.671875,0.15625,6400.0,1.640625,609.5238095238095,0.0,44000.0,14.842738025217539,-3919.4225721784846,-30.165745856353617,45000.0,0.0,25.0
46000.0,17.015625,0.15625,6400.0,1.015625,984.6153846153846,0.0,45000.0,14.730661834221124,-3913.144329896919,-29.779963327221214,46000.0,0.0,25.0
47000.0,17.359375,0.15625,6400.0,0.9375,1066.6666666666667,0.0,46000.0,13.156003200315986,-4118.717948717924,-34.36504695794202,47000.0,0.0,25.0
48000.0,17.765625,0.234375,4266.666666666667,1.328125,752.9411764705883,0.0,47000.0,11.395135695681304,-4336.6666666666515,-41.306655777868485,48000.0,0.0,25.0
49000.0,18.140625,0.234375,4266.666666666667,1.09375,914.2857142857143,0.0,48000.0,11.81704157076513,-4336.666666666641,-41.306655777868514,49000.0,0.0,25.0
50000.0,18.671875,0.234375,4266.666666666667,1.875,533.3333333333334,0.0,49000.0,12.010497235864786,-4314.720812182724,-41.00194552529183,50000.0,0.0,25.0
51000.0,19.0625,0.234375,4266.666666666667,1.171875,853.3333333333334,0.0,50000.0,11.395746237583355,-4281.66259168706,-39.32208660499102,51000.0,0.0,25.0
52000.0,19.359375,0.15625,6400.0,0.703125,1422.2222222222222,0.0,51000.0,11.52625666240565,-4297.578692493931,-40.47490138448449,52000.0,0.0,25.0
53000.0,19.78125,0.15625,6400.0,1.328125,752.9411764705883,0.0,52000.0,11.093427454047543,-4280.18867924527,-39.230826898568104,53000.0,0.0,25.0
learning evaluation instances,evaluation time (cpu seconds),average chunk train time,average chunk train speed,average chunk test time,average chunk test speed,model cost (RAM-Hours),classified instances,Kappa Statistic (percent),Kappa Temporal Statistic (percent),Kappa M Statistic (percent),model training instances,model serialized size (bytes),Pool Size
2000.0,0.359375,0.3125,3200.0,1.328125,752.9411764705883,0.0,1000.0,0.0,-2299.9999999999977,0.0,2000.0,0.0,10.0
3000.0,0.65625,0.15625,6400.0,0.78125,1280.0,0.0,2000.0,0.0,-2109.9999999999977,0.0,3000.0,0.0,15.0
4000.0,1.0,0.15625,6400.0,1.09375,914.2857142857143,0.0,3000.0,3.596931663542937,-2153.225806451607,-6.478658536585363,4000.0,0.0,20.0
5000.0,1.546875,0.15625,6400.0,2.03125,492.3076923076923,0.0,4000.0,6.607845876873444,-2153.2258064516186,-6.478658536585363,5000.0,0.0,25.0
6000.0,1.859375,0.15625,6400.0,0.9375,1066.6666666666667,0.0,5000.0,8.32577803000037,-2153.225806451619,-6.478658536585373,6000.0,0.0,25.0
7000.0,2.28125,0.15625,6400.0,1.5625,640.0,0.0,6000.0,9.436379218469051,-2153.225806451619,-6.478658536585363,7000.0,0.0,25.0
8000.0,2.796875,0.234375,4266.666666666667,1.71875,581.8181818181819,0.0,7000.0,8.965172607767196,-2209.0909090909036,-5.906879777623395,8000.0,0.0,25.0
9000.0,3.265625,0.15625,6400.0,1.5625,640.0,0.0,8000.0,5.421628853115215,-2483.3333333333444,-4.0767386091127085,9000.0,0.0,25.0
10000.0,3.640625,0.15625,6400.0,1.25,800.0,0.0,9000.0,5.9785003777386,-2502.9411764705947,-2.9868114817688465,10000.0,0.0,25.0
11000.0,4.046875,0.15625,6400.0,1.484375,673.6842105263158,0.0,10000.0,10.272655628900749,-2825.8064516129116,-12.846034214618973,11000.0,0.0,25.0
12000.0,4.390625,0.078125,12800.0,1.25,800.0,0.0,11000.0,6.330138968163215,-3202.2388059701484,-26.68193529916974,12000.0,0.0,25.0
13000.0,4.734375,0.234375,4266.666666666667,1.015625,984.6153846153846,0.0,12000.0,7.694869277758314,-3209.7014925373164,-26.968222158602924,13000.0,0.0,25.0
14000.0,5.125,0.234375,4266.666666666667,1.171875,853.3333333333334,0.0,13000.0,8.90288451815148,-3209.7014925372996,-26.968222158602924,14000.0,0.0,25.0
15000.0,5.546875,0.234375,4266.666666666667,1.328125,752.9411764705883,0.0,14000.0,8.668718496301995,-3131.2500000000173,-25.383993532740494,15000.0,0.0,25.0
16000.0,5.890625,0.234375,4266.666666666667,1.09375,914.2857142857143,0.0,15000.0,8.260449777459051,-3169.594594594587,-27.71179730799681,16000.0,0.0,25.0
17000.0,6.34375,0.234375,4266.666666666667,1.71875,581.8181818181819,0.0,16000.0,6.710100455949821,-3092.215568862279,-24.526979677645382,17000.0,0.0,25.0
18000.0,6.8125,0.234375,4266.666666666667,1.5625,640.0,0.0,17000.0,6.217082512172248,-3327.647058823527,-30.270511960652797,18000.0,0.0,25.0
19000.0,7.140625,0.234375,4266.666666666667,1.015625,984.6153846153846,0.0,18000.0,7.142187162849903,-3668.3908045976837,-38.24583596879616,19000.0,0.0,25.0
20000.0,7.53125,0.234375,4266.666666666667,1.171875,853.3333333333334,0.0,19000.0,7.445312535465328,-3579.1208791208915,-37.15690290864403,20000.0,0.0,25.0
21000.0,7.921875,0.234375,4266.666666666667,1.328125,752.9411764705883,0.0,20000.0,6.440177743151704,-3457.999999999997,-34.21350433798567,21000.0,0.0,25.0
22000.0,8.265625,0.15625,6400.0,1.171875,853.3333333333334,0.0,21000.0,4.561546754898224,-3565.8878504672884,-38.84955752212387,22000.0,0.0,25.0
23000.0,8.640625,0.234375,4266.666666666667,1.015625,984.6153846153846,0.0,22000.0,6.148193769887125,-3438.495575221222,-36.60744789887261,23000.0,0.0,25.0
24000.0,9.046875,0.234375,4266.666666666667,1.25,800.0,0.0,23000.0,5.115328744140421,-3514.5299145299164,-33.93507521773553,24000.0,0.0,25.0
25000.0,9.53125,0.15625,6400.0,1.640625,609.5238095238095,0.0,24000.0,3.2810654931383993,-3688.749999999996,-42.724846962800164,25000.0,0.0,25.0
26000.0,9.90625,0.15625,6400.0,1.171875,853.3333333333334,0.0,25000.0,4.118786163445612,-3688.7499999999795,-42.72484696280023,26000.0,0.0,25.0
27000.0,10.3125,0.234375,4266.666666666667,1.171875,853.3333333333334,0.0,26000.0,4.879288776562372,-3688.7499999999854,-42.724846962800164,27000.0,0.0,25.0
28000.0,10.796875,0.15625,6400.0,1.71875,581.8181818181819,0.0,27000.0,5.5727794712804934,-3688.7500000000223,-42.724846962800186,28000.0,0.0,25.0
29000.0,11.1875,0.234375,4266.666666666667,1.171875,853.3333333333334,0.0,28000.0,6.2077416519938815,-3688.750000000003,-42.724846962800186,29000.0,0.0,25.0
30000.0,11.671875,0.234375,4266.666666666667,1.796875,556.5217391304348,0.0,29000.0,6.791284755193027,-3688.7500000000236,-42.724846962800214,30000.0,0.0,25.0
31000.0,12.03125,0.234375,4266.666666666667,1.25,800.0,0.0,30000.0,4.885668360468758,-3767.829457364318,-37.508612374259336,31000.0,0.0,25.0
32000.0,12.375,0.15625,6400.0,1.171875,853.3333333333334,0.0,31000.0,6.257269964476442,-3739.560439560418,-33.73309517734116,32000.0,0.0,25.0
33000.0,12.734375,0.234375,4266.666666666667,1.171875,853.3333333333334,0.0,32000.0,13.638615730307327,-3754.448398576529,-22.967756584922792,33000.0,0.0,25.0
34000.0,13.140625,0.15625,6400.0,1.328125,752.9411764705883,0.0,33000.0,16.313421873156546,-3723.509933774843,-19.484685430463607,34000.0,0.0,25.0
35000.0,13.46875,0.234375,4266.666666666667,1.171875,853.3333333333334,0.0,34000.0,16.633239444169483,-3595.121951219496,-20.071329502674843,35000.0,0.0,25.0
36000.0,13.78125,0.15625,6400.0,0.859375,1163.6363636363637,0.0,35000.0,14.751699044863678,-3781.656804733748,-27.57681835861533,36000.0,0.0,25.0
37000.0,14.109375,0.078125,12800.0,1.09375,914.2857142857143,0.0,36000.0,14.673637530867497,-3773.837209302332,-27.035271687321238,37000.0,0.0,25.0
38000.0,14.46875,0.15625,6400.0,0.9375,1066.6666666666667,0.0,37000.0,14.640787273802532,-3739.77272727274,-26.55430711610485,38000.0,0.0,25.0
39000.0,14.734375,0.234375,4266.666666666667,0.703125,1422.2222222222222,0.0,38000.0,14.896918257330846,-3763.068181818173,-27.322097378277157,39000.0,0.0,25.0
40000.0,15.09375,0.234375,4266.666666666667,1.015625,984.6153846153846,0.0,39000.0,15.399338153230177,-3763.0681818181615,-27.322097378277157,40000.0,0.0,25.0
41000.0,15.53125,0.15625,6400.0,1.484375,673.6842105263158,0.0,40000.0,14.783562772341755,-3820.3910614525084,-26.248088513088092,41000.0,0.0,25.0
42000.0,15.8125,0.15625,6400.0,0.78125,1280.0,0.0,41000.0,13.989958705438891,-3949.326145552557,-30.976460331299027,42000.0,0.0,25.0
43000.0,16.09375,0.234375,4266.666666666667,0.78125,1280.0,0.0,42000.0,14.476019483227946,-3919.4148936170295,-30.599723470445916,43000.0,0.0,25.0
44000.0,16.4375,0.15625,6400.0,1.09375,914.2857142857143,0.0,43000.0,14.920301798024976,-3919.4148936170263,-30.5997234704459,44000.0,0.0,25.0
45000.0,16.890625,0.15625,6400.0,1.5625,640.0,0.0,44000.0,14.875471534043797,-3917.3228346456767,-30.097747556311123,45000.0,0.0,25.0
46000.0,17.171875,0.0,Infinity,1.09375,914.2857142857143,0.0,45000.0,14.76302486362083,-3911.082474226815,-29.713285547591255,46000.0,0.0,25.0
47000.0,17.46875,0.15625,6400.0,1.015625,984.6153846153846,0.0,46000.0,13.187156258788804,-4116.6666666666415,-34.2997141690486,47000.0,0.0,25.0
